7.812138892284469227e-01
6.295511991639026750e-01
3.244297550343846481e-01
3.492486394930706672e-01
5.774545963126835879e-01
4.405775711564386410e-01
3.985387557603574660e-01
5.109682790712413158e-01
6.770663924602768335e-02
6.914840531341645002e-01
3.026366508599699356e-01
2.895396195413140195e-01
2.928426937496828586e-01
3.101591034635232669e-01
3.620748528392507271e-01
5.393907568289739718e-01
2.636714912515006337e-01
1.161053267384102028e-01
9.738737325042343129e-02
2.650097664949316659e-02
2.181838891529118141e-01
3.525270561812969827e-01
1.156098592814507331e-01
3.469881675602324300e-01
2.592816977864291217e-01
2.097508183263259995e-01
5.738370277599701835e-02
2.488831378932939709e-01
3.413407760433532223e-01
2.900365797723880035e-01
7.738786386405471784e-01
6.474989237598931524e-01
1.865982978886388255e-01
1.949128060818213770e-01
3.198900678418573618e-01
2.402020346910826443e-01
2.382665722986039916e-02
3.202996558276576256e-01
3.976510286265658722e-01
3.583682486167579784e-01
1.361246310647001023e-01
2.638218632255651119e-01
9.383453407958068926e-01
7.232116257265572279e-02
1.797293795366357860e-01
2.455816743550542636e-01
2.983690967449542653e-01
4.186471517859882141e-01
4.303134729406180581e-01
3.524704384511148092e-01
4.993397126159115906e-01
2.980066259359920866e-01
2.824414387160206763e-01
1.700448741334240621e-01
2.862788694295085312e-01
4.202456589877241744e-02
2.943892826261383378e-01
3.137834292534539271e-01
3.224072022983756058e-01
6.836469998916698820e-01
3.853897452639224452e-01
1.386784104100748649e-01
1.019433421688899777e-01
2.745456516672238889e-01
3.093180071391651298e-01
2.207358672062371685e-01
3.699369718640198590e-01
2.110183237868524242e-01
3.978246282094533570e-01
3.220095157340775449e-01
6.577622570642395194e-01
5.750116114534299383e-01
1.700382746881861085e-01
3.278743939495995519e-01
2.550926105818560052e-01
1.728330659181215867e-01
4.830603208758345035e-01
2.813453523252872346e-01
5.697249690059689176e-01
2.640838531801386058e-01
2.337525225409454455e-01
1.449951131341454813e-01
2.221968905416823736e-01
2.360171258736556421e-01
9.227533035421402463e-01
3.508792591986565901e-01
3.257747168245782587e-01
4.167757957362807630e-01
3.716812019813494072e-01
3.389732264150138175e-01
3.324765944141647722e-01
3.053557724172400456e-01
4.722837193651913679e-01
2.920875964974267713e-01
4.302669144175255700e-01
3.838831373861103513e-01
8.764584755225977148e-06
6.011118547021905290e-01
3.119700066694172658e-01
6.281763963057422906e-01
2.282486674174945829e-01
3.490101904356553431e-01
3.021781846693623041e-01
3.774138531445726530e-01
3.028897004017545580e-01
1.502859495395606759e-01
1.889887151459665460e-01
7.036383667582121193e-01
7.455939549383221454e-01
3.854466098284762277e-01
4.418296414417609563e-01
4.564171573979769470e-01
3.541271053519544632e-01
3.398000135920679066e-01
3.922671013116560967e-01
6.953184151619771214e-01
3.801855763139049271e-01
3.380872528964649071e-01
2.541041032857959681e-01
8.912659217199539463e-02
2.833803909944334620e-01
3.192713752913743930e-01
6.288546512571081548e-01
2.827017418948694072e-01
2.353704853879911574e-01
2.679496827018724714e-01
3.038904626020841881e-01
4.439755430647845946e-01
3.674951377252068108e-01
7.903458450216322984e-01
1.152495897412951775e-01
3.890731747427137455e-01
2.220615818558064614e-01
1.089280041619156153e-05
6.831076352774047011e-01
3.796699430861359970e-01
2.898364708905238341e-01
3.269212495404509311e-01
7.099792714982752218e-01
3.819433074068416811e-01
3.077969796608434061e-01
6.538154686975621299e-01
5.263227665498224628e-01
3.499757958710710826e-01
3.373676823235815525e-01
4.591496442705021996e-01
6.856939333218057264e-01
5.652977447890616958e-01
3.801038775942817693e-01
2.866085967280546098e-01
6.021768660551385377e-01
3.886140917377933213e-01
1.549016548347113276e-01
5.237496416967009072e-01
4.218123595051054275e-01
2.474226206988271448e-01
2.929072575443800730e-01
3.511658771068734142e-01
2.858332554729762220e-01
5.215113511596330964e-01
7.090612834383194230e-01
1.505124554227789124e-01
1.908831554932022556e-01
7.596557987088022046e-02
3.608510150927402571e-01
1.451914574672715785e-01
2.731776454274653654e-01
2.347019977290101811e-01
6.764448853290683239e-01
2.315950537003220455e-01
9.750546470648289166e-01
2.491552218301371635e-01
6.627102572548648762e-01
1.664173843406946407e-01
2.100968010767390592e-01
6.005086351010833212e-01
2.146365505376757743e-01
8.819788533842161382e-02
8.851276850908995630e-01
4.009238637373873093e-01
9.226017615826618279e-01
3.012794473583851884e-01
