5.164559233190315624e-01
3.935428940154231947e-01
1.406094356428418402e-01
3.148539101941368323e-01
3.460389591885197902e-01
4.152861151904020387e-01
8.405356780115694759e-01
1.113506190446009597e-01
6.010476208603221515e-01
2.334833678769749621e-01
2.679636082072627268e-01
1.211509594460731670e-01
3.106887739482585009e-01
2.910331453507773447e-01
2.028581032807935669e-01
4.023306147695648316e-01
2.850623188957746024e-01
3.743221035982038924e-01
2.239058918685751798e-01
4.220226203275331267e-01
7.185439618282876140e-01
3.380686204675165674e-01
2.976466633682314789e-01
5.980352621468620899e-02
6.119131452500692347e-01
2.799813583050136945e-01
3.907852673401808197e-01
3.296182062831204962e-01
2.953055878071947915e-01
5.018866081676371937e-01
3.399627084801392640e-01
3.857260320610973459e-01
5.172615056226739227e-01
4.942622679279558562e-01
1.827076078547558713e-01
1.453215232513996591e-01
2.501879761790023471e-01
2.818916426028335032e-01
1.931479313302094103e-01
5.887877935052021616e-01
4.088782411734106503e-01
3.274723498415876288e-01
1.654126871928775500e-01
2.802404928762113334e-01
1.814820623440078218e-01
2.371436848407449949e-01
2.909779215738087510e-01
4.804963375542909421e-01
3.218391928458261830e-01
3.388069679172461823e-01
9.501141937191679432e-01
2.203116388360846778e-01
3.017147305205204466e-01
4.286923651840943705e-01
6.108821794544945227e-01
2.007577621446932636e-01
3.966541918930702182e-01
4.094366481502135779e-01
3.814009777716231842e-01
2.967523852582871768e-01
4.123738576596831518e-01
2.974788869308145900e-01
5.337695207026045274e-01
3.613722792980215148e-01
3.098017786804048157e-01
2.039846956558267754e-01
1.190189463520244795e-01
4.499617014170819163e-01
8.954844687468251893e-06
3.470495756618492411e-01
2.802083113917729351e-01
3.511354793791557904e-01
2.690538496905581223e-01
7.483953666566427465e-01
3.547555118878283897e-01
3.253146564264546292e-01
5.224310926233119989e-01
2.576493447606741441e-02
4.426837970796521637e-01
5.865703855366468655e-01
4.660030414689103062e-01
1.226960429136797204e-01
3.510273335058186617e-02
3.800891786869490252e-01
6.821671917790426143e-01
3.394735708782694594e-01
3.732580792598639841e-01
2.878139482330144272e-01
1.399732255752839938e-01
2.241557575682419923e-01
3.334511533595956312e-01
8.802467638718974863e-02
2.610984959106890657e-01
1.407483871986829893e-01
4.241674280778727213e-01
3.321171846383551562e-01
1.107281224529111374e-01
3.999296474080785702e-01
9.526256983524818978e-01
7.436096251384336497e-01
7.905740969882906199e-01
2.374644520923179791e-01
3.529316262358435652e-01
4.089165630082094438e-01
2.693427757155414937e-01
1.913568004266213152e-01
1.677187583653849123e-01
5.309057509410960440e-01
3.780355630518276167e-01
3.528853696070728407e-01
5.532126524250856603e-01
4.418474025668046590e-01
5.081175756985205627e-01
3.393216446710476397e-01
2.102565509202587446e-01
6.050209831730020138e-01
1.979768231815870194e-01
2.286475592075521979e-01
5.220828802158468118e-01
4.045340085464589897e-01
3.238753836875839509e-01
3.623478625197356640e-01
6.660767317928895093e-01
3.926008532554959296e-01
3.532373978434452111e-01
3.188125265914422135e-01
3.429227239801260207e-01
3.361609348757088056e-01
9.861373264923447568e-01
6.619059311802681922e-01
3.053408627998395186e-01
4.032920197971866516e-01
2.984439498592870166e-01
4.111093916423594896e-01
3.662656349414640244e-01
2.711551751516605435e-01
3.370319642024224849e-01
6.694699055844229862e-01
6.654897053047272859e-01
5.359464386950221204e-01
6.171415070593133656e-01
5.169493178412023493e-01
5.223491776190887226e-01
7.826610311744686133e-01
3.234794612176498108e-01
6.536711999558011410e-01
3.015686115187334870e-01
4.997714950157466363e-01
1.143479993760545682e-01
1.428006008096497914e-01
5.643708058554943729e-01
3.589444044975838022e-01
9.020108154916965659e-02
1.779135874714092846e-01
3.599689218241409194e-01
1.418734069983160206e-01
5.238510581936498545e-01
4.227953824372344682e-01
2.214377084765272174e-01
1.760609525530932307e-01
5.939093165434989885e-01
4.476102706675829657e-01
2.301152439191630483e-01
1.796486818779018946e-01
4.923658782741564544e-01
3.320921151322153708e-01
3.040394701401653021e-01
1.598346427771443756e-01
6.990383232868689900e-01
2.815433315437790851e-01
4.217134773409231263e-01
4.251822834949329222e-01
2.341632650475283239e-01
3.399900713804046570e-01
2.925610645263054810e-01
3.812224171356450864e-01
5.464727860294007478e-01
6.487603482628696572e-01
2.725597026437767134e-01
6.259084620500139362e-01
3.302749150415585921e-01
8.371956198464916010e-01
