5.000000000000000000e+00 4.300000000000000000e+01
5.000000000000000000e+00 5.300000000000000000e+01
1.500000000000000000e+01 3.300000000000000000e+01
1.500000000000000000e+01 4.300000000000000000e+01
1.500000000000000000e+01 5.300000000000000000e+01
2.500000000000000000e+01 2.300000000000000000e+01
2.500000000000000000e+01 3.300000000000000000e+01
2.500000000000000000e+01 4.300000000000000000e+01
2.500000000000000000e+01 5.300000000000000000e+01
3.500000000000000000e+01 -2.700000000000000000e+01
3.500000000000000000e+01 2.300000000000000000e+01
3.500000000000000000e+01 3.300000000000000000e+01
3.500000000000000000e+01 4.300000000000000000e+01
3.500000000000000000e+01 5.300000000000000000e+01
4.500000000000000000e+01 -4.700000000000000000e+01
4.500000000000000000e+01 -3.700000000000000000e+01
4.500000000000000000e+01 -2.700000000000000000e+01
4.500000000000000000e+01 2.300000000000000000e+01
4.500000000000000000e+01 3.300000000000000000e+01
4.500000000000000000e+01 4.300000000000000000e+01
4.500000000000000000e+01 5.300000000000000000e+01
4.500000000000000000e+01 6.300000000000000000e+01
5.500000000000000000e+01 -4.700000000000000000e+01
5.500000000000000000e+01 -3.700000000000000000e+01
5.500000000000000000e+01 -2.700000000000000000e+01
5.500000000000000000e+01 2.300000000000000000e+01
5.500000000000000000e+01 3.300000000000000000e+01
5.500000000000000000e+01 4.300000000000000000e+01
5.500000000000000000e+01 5.300000000000000000e+01
5.500000000000000000e+01 6.300000000000000000e+01
5.500000000000000000e+01 7.300000000000000000e+01
6.500000000000000000e+01 -5.700000000000000000e+01
6.500000000000000000e+01 -4.700000000000000000e+01
6.500000000000000000e+01 -3.700000000000000000e+01
6.500000000000000000e+01 -2.700000000000000000e+01
6.500000000000000000e+01 2.300000000000000000e+01
6.500000000000000000e+01 3.300000000000000000e+01
6.500000000000000000e+01 4.300000000000000000e+01
6.500000000000000000e+01 5.300000000000000000e+01
6.500000000000000000e+01 6.300000000000000000e+01
6.500000000000000000e+01 7.300000000000000000e+01
7.500000000000000000e+01 -5.700000000000000000e+01
7.500000000000000000e+01 -4.700000000000000000e+01
7.500000000000000000e+01 -3.700000000000000000e+01
7.500000000000000000e+01 -2.700000000000000000e+01
7.500000000000000000e+01 2.300000000000000000e+01
7.500000000000000000e+01 3.300000000000000000e+01
7.500000000000000000e+01 4.300000000000000000e+01
7.500000000000000000e+01 5.300000000000000000e+01
7.500000000000000000e+01 6.300000000000000000e+01
7.500000000000000000e+01 7.300000000000000000e+01
8.500000000000000000e+01 -5.700000000000000000e+01
8.500000000000000000e+01 -4.700000000000000000e+01
8.500000000000000000e+01 -3.700000000000000000e+01
8.500000000000000000e+01 -2.700000000000000000e+01
8.500000000000000000e+01 2.300000000000000000e+01
8.500000000000000000e+01 3.300000000000000000e+01
8.500000000000000000e+01 5.300000000000000000e+01
8.500000000000000000e+01 6.300000000000000000e+01
8.500000000000000000e+01 7.300000000000000000e+01
9.500000000000000000e+01 -5.700000000000000000e+01
9.500000000000000000e+01 -4.700000000000000000e+01
9.500000000000000000e+01 -3.700000000000000000e+01
9.500000000000000000e+01 -2.700000000000000000e+01
9.500000000000000000e+01 2.300000000000000000e+01
9.500000000000000000e+01 3.300000000000000000e+01
9.500000000000000000e+01 6.300000000000000000e+01
9.500000000000000000e+01 7.300000000000000000e+01
1.050000000000000000e+02 -5.700000000000000000e+01
1.050000000000000000e+02 -4.700000000000000000e+01
1.050000000000000000e+02 -3.700000000000000000e+01
1.050000000000000000e+02 -2.700000000000000000e+01
1.050000000000000000e+02 2.300000000000000000e+01
1.050000000000000000e+02 3.300000000000000000e+01
1.050000000000000000e+02 6.300000000000000000e+01
1.050000000000000000e+02 7.300000000000000000e+01
1.150000000000000000e+02 -5.700000000000000000e+01
1.150000000000000000e+02 -4.700000000000000000e+01
1.150000000000000000e+02 -3.700000000000000000e+01
1.150000000000000000e+02 -2.700000000000000000e+01
1.150000000000000000e+02 6.300000000000000000e+01
1.250000000000000000e+02 -5.700000000000000000e+01
1.250000000000000000e+02 -4.700000000000000000e+01
1.250000000000000000e+02 -3.700000000000000000e+01
1.250000000000000000e+02 -2.700000000000000000e+01
1.250000000000000000e+02 4.300000000000000000e+01
1.250000000000000000e+02 5.300000000000000000e+01
1.250000000000000000e+02 6.300000000000000000e+01
1.350000000000000000e+02 -5.700000000000000000e+01
1.350000000000000000e+02 -4.700000000000000000e+01
1.350000000000000000e+02 -3.700000000000000000e+01
1.350000000000000000e+02 3.300000000000000000e+01
1.350000000000000000e+02 4.300000000000000000e+01
1.350000000000000000e+02 5.300000000000000000e+01
1.350000000000000000e+02 6.300000000000000000e+01
1.450000000000000000e+02 -5.700000000000000000e+01
1.450000000000000000e+02 -4.700000000000000000e+01
1.450000000000000000e+02 -3.700000000000000000e+01
1.450000000000000000e+02 -2.700000000000000000e+01
1.450000000000000000e+02 2.300000000000000000e+01
1.450000000000000000e+02 3.300000000000000000e+01
1.450000000000000000e+02 4.300000000000000000e+01
1.450000000000000000e+02 5.300000000000000000e+01
1.450000000000000000e+02 6.300000000000000000e+01
1.550000000000000000e+02 -5.700000000000000000e+01
1.550000000000000000e+02 -4.700000000000000000e+01
1.550000000000000000e+02 -3.700000000000000000e+01
1.550000000000000000e+02 2.300000000000000000e+01
1.550000000000000000e+02 3.300000000000000000e+01
1.550000000000000000e+02 4.300000000000000000e+01
1.550000000000000000e+02 5.300000000000000000e+01
1.550000000000000000e+02 6.300000000000000000e+01
1.550000000000000000e+02 8.300000000000000000e+01
1.650000000000000000e+02 -5.700000000000000000e+01
1.650000000000000000e+02 -4.700000000000000000e+01
1.650000000000000000e+02 2.300000000000000000e+01
1.650000000000000000e+02 3.300000000000000000e+01
1.650000000000000000e+02 4.300000000000000000e+01
1.650000000000000000e+02 5.300000000000000000e+01
1.650000000000000000e+02 6.300000000000000000e+01
1.750000000000000000e+02 -5.700000000000000000e+01
1.750000000000000000e+02 -4.700000000000000000e+01
1.750000000000000000e+02 2.300000000000000000e+01
1.750000000000000000e+02 3.300000000000000000e+01
1.750000000000000000e+02 4.300000000000000000e+01
1.750000000000000000e+02 5.300000000000000000e+01
1.750000000000000000e+02 6.300000000000000000e+01
1.750000000000000000e+02 7.300000000000000000e+01
1.850000000000000000e+02 -4.700000000000000000e+01
1.850000000000000000e+02 2.300000000000000000e+01
1.850000000000000000e+02 4.300000000000000000e+01
1.850000000000000000e+02 5.300000000000000000e+01
1.850000000000000000e+02 6.300000000000000000e+01
1.850000000000000000e+02 7.300000000000000000e+01
1.950000000000000000e+02 -5.700000000000000000e+01
1.950000000000000000e+02 -4.700000000000000000e+01
1.950000000000000000e+02 -3.700000000000000000e+01
1.950000000000000000e+02 -2.700000000000000000e+01
1.950000000000000000e+02 2.300000000000000000e+01
1.950000000000000000e+02 3.300000000000000000e+01
2.050000000000000000e+02 -4.700000000000000000e+01
2.050000000000000000e+02 -3.700000000000000000e+01
2.050000000000000000e+02 -2.700000000000000000e+01
2.050000000000000000e+02 2.300000000000000000e+01
2.050000000000000000e+02 3.300000000000000000e+01
2.150000000000000000e+02 2.300000000000000000e+01
2.150000000000000000e+02 3.300000000000000000e+01
2.250000000000000000e+02 2.300000000000000000e+01
2.250000000000000000e+02 3.300000000000000000e+01
2.250000000000000000e+02 4.300000000000000000e+01
2.350000000000000000e+02 2.300000000000000000e+01
2.350000000000000000e+02 3.300000000000000000e+01
2.350000000000000000e+02 4.300000000000000000e+01
2.350000000000000000e+02 5.300000000000000000e+01
2.450000000000000000e+02 3.300000000000000000e+01
2.450000000000000000e+02 4.300000000000000000e+01
2.450000000000000000e+02 5.300000000000000000e+01
2.550000000000000000e+02 4.300000000000000000e+01
2.550000000000000000e+02 5.300000000000000000e+01
2.550000000000000000e+02 6.300000000000000000e+01
2.650000000000000000e+02 4.300000000000000000e+01
2.650000000000000000e+02 5.300000000000000000e+01
2.650000000000000000e+02 6.300000000000000000e+01
2.750000000000000000e+02 5.300000000000000000e+01
2.750000000000000000e+02 6.300000000000000000e+01
2.850000000000000000e+02 6.300000000000000000e+01
2.950000000000000000e+02 5.300000000000000000e+01
2.950000000000000000e+02 6.300000000000000000e+01
3.050000000000000000e+02 5.300000000000000000e+01
3.050000000000000000e+02 6.300000000000000000e+01
3.050000000000000000e+02 7.300000000000000000e+01
3.150000000000000000e+02 5.300000000000000000e+01
3.150000000000000000e+02 6.300000000000000000e+01
3.250000000000000000e+02 5.300000000000000000e+01
3.250000000000000000e+02 6.300000000000000000e+01
3.350000000000000000e+02 5.300000000000000000e+01
3.350000000000000000e+02 6.300000000000000000e+01
3.450000000000000000e+02 5.300000000000000000e+01
3.450000000000000000e+02 6.300000000000000000e+01
3.550000000000000000e+02 4.300000000000000000e+01
3.550000000000000000e+02 5.300000000000000000e+01
3.550000000000000000e+02 6.300000000000000000e+01
